   0.  -8.403232
   1.  -8.197062
   2.  -7.980980
   3.  -7.776864
   4.  -7.548223
   5.  -7.349563
   6.  -7.108759
   7.  -6.906644
   8.  -6.681517
   9.  -6.414640
  10.  -6.247569
  11.  -5.937798
  12.  -5.804190
  13.  -5.487517
  14.  -5.297866
  15.  -5.030957
  16.  -4.801483
  17.  -4.587775
  18.  -4.305642
  19.  -4.130411
  20.  -3.826946
  21.  -3.566067
  22.  -3.344471
  23.  -3.090936
  24.  -2.874265
  25.  -2.600308
  26.  -2.325116
  27.  -2.105145
  28.  -1.825798
  29.  -1.611719
  30.  -1.356391
  31.  -1.033264
  32.  -0.839605
  33.  -0.591189
  34.  -0.318681
  35.  -0.095848
  36.   0.234746
  37.   0.431911
  38.   0.643485
  39.   0.987690
  40.   1.192115
  41.   1.399857
  42.   1.720175
  43.   1.939006
  44.   2.189856
  45.   2.451373
  46.   2.714386
  47.   2.964174
  48.   3.176436
  49.   3.490197
  50.   3.694239
  51.   3.890445
  52.   4.220772
  53.   4.423193
  54.   4.611040
  55.   4.922667
  56.   5.129274
  57.   5.382036
  58.   5.614387
  59.   5.788973
  60.   6.083330
  61.   6.315084
  62.   6.508388
  63.   6.759618
  64.   6.951208
  65.   7.192249
  66.   7.432311
  67.   7.620460
  68.   7.840993
  69.   8.027450
  70.   8.248633
  71.   8.503403
  72.   8.647154
  73.   8.881175
  74.   9.057555
  75.   9.246757
  76.   9.459181
  77.   9.610993
  78.   9.861240
  79.   9.964020
  80.  10.204209
  81.  10.332428
  82.  10.533960
  83.  10.704584
  84.  10.852872
  85.  11.031185
  86.  11.175046
  87.  11.338948
  88.  11.484084
  89.  11.634992
  90.  11.777287
  91.  11.915684
  92.  12.055037
  93.  12.181608
  94.  12.317570
  95.  12.430920
  96. -12.437338
  97. -12.331642
  98. -12.218718
  99. -12.091484
 100. -12.015346
 101. -11.881180
 102. -11.826004
 103. -11.701785
 104. -11.631680
 105. -11.538082
 106. -11.462825
 107. -11.396628
 108. -11.314923
 109. -11.267085
 110. -11.190443
 111. -11.130329
 112. -11.082922
 113. -11.034170
 114. -10.996077
 115. -10.953007
 116. -10.914892
 117. -10.887829
 118. -10.859850
 119. -10.842098
 120. -10.825151
 121. -10.810021
 122. -10.803624
 123. -10.801255
 124. -10.802544
 125. -10.807001
 126. -10.820891
 127. -10.833059
 128. -10.849090
 129. -10.881429
 130. -10.904073
 131. -10.931450
 132. -10.978576
 133. -11.013547
 134. -11.059856
 135. -11.113404
 136. -11.170254
 137. -11.229285
 138. -11.285092
 139. -11.371380
 140. -11.430561
 141. -11.492231
 142. -11.601732
 143. -11.672681
 144. -11.741359
 145. -11.862335
 146. -11.948163
 147. -12.057141
 148. -12.160056
 149. -12.243934
 150. -12.388430
 151.  12.492768
 152.  12.389925
 153.  12.251319
 154.  12.137881
 155.  11.991904
 156.  11.841833
 157.  11.719511
 158.  11.572548
 159.  11.439893
 160.  11.279740
 161.  11.087380
 162.  10.973079
 163.  10.784805
 164.  10.638328
 165.  10.477315
 166.  10.284497
 167.  10.144291
 168.   9.903738
 169.   9.799695
 170.   9.553013
 171.   9.416583
 172.   9.193548
 173.   9.000543
 174.   8.823197
 175.   8.606939
 176.   8.424254
 177.   8.209102
 178.   8.012435
 179.   7.799388
 180.   7.591286
 181.   7.380509
 182.   7.160390
 183.   6.951590
 184.   6.719254
 185.   6.518075
 186.   6.271638
 187.   6.069875
 188.   5.839737
 189.   5.572030
 190.   5.403437
 191.   5.091334
 192.   4.959511
 193.   4.641043
 194.   4.449950
 195.   4.185734
 196.   3.952015
 197.   3.736339
 198.   3.453180
 199.   3.281214
 200.   2.978559
 201.   2.718531
 202.   2.501622
 203.   2.246417
 204.   2.030706
 205.   1.757734
 206.   1.486408
 207.   1.272755
 208.   0.994093
 209.   0.781440
 210.   0.528403
 211.   0.210008
 212.   0.022913
 213.  -0.225095
 214.  -0.492452
 215.  -0.709312
 216.  -1.034001
 217.  -1.228271
 218.  -1.436367
 219.  -1.773189
 220.  -1.971646
 221.  -2.176987
 222.  -2.490266
 223.  -2.700505
 224.  -2.946450
 225.  -3.203554
 226.  -3.457251
 227.  -3.698903
 228.  -3.908368
 229.  -4.212668
 230.  -4.408611
 231.  -4.600323
 232.  -4.920690
 233.  -5.116143
 234.  -5.297268
 235.  -5.598748
 236.  -5.800330
 237.  -6.045222
 238.  -6.267005
 239.  -6.438566
 240.  -6.722983
 241.  -6.945932
 242.  -7.131630
 243.  -7.372264
 244.  -7.560014
 245.  -7.793390
 246.  -8.023931
 247.  -8.204884
 248.  -8.415255
 249.  -8.597303
 250.  -8.810265
 251.  -9.055677
 252.  -9.196034
 253.  -9.420670
 254.  -9.589420
 255.  -9.769324
 256.  -9.976064
 257. -10.121929
 258. -10.363008
 259. -10.463595
 260. -10.695128
 261. -10.818735
 262. -11.014151
 263. -11.177424
 264. -11.322155
 265. -11.493107
 266. -11.632379
 267. -11.790863
 268. -11.930703
 269. -12.076838
 270. -12.214489
 271. -12.348895
 272. -12.484100
 273.  12.392406
 274.  12.260215
 275.  12.150104
 276.  12.020554
 277.  11.918789
 278.  11.807224
 279.  11.683508
 280.  11.608802
 281.  11.476938
 282.  11.423845
 283.  11.301171
 284.  11.231462
 285.  11.140188
 286.  11.063445
 287.  10.996466
 288.  10.913967
 289.  10.867205
 290.  10.789656
 291.  10.728349
 292.  10.681488
 293.  10.629588
 294.  10.589630
 295.  10.543665
 296.  10.503594
 297.  10.476271
 298.  10.443868
 299.  10.422853
 300.  10.401957
 301.  10.382238
 302.  10.374811
 303.  10.366512
 304.  10.363440
 305.  10.365032
 306.  10.372536
 307.  10.380245
 308.  10.391471
 309.  10.416506
 310.  10.435510
 311.  10.456691
 312.  10.495903
 313.  10.527657
 314.  10.566761
 315.  10.611950
 316.  10.663431
 317.  10.716629
 318.  10.764262
 319.  10.841963
 320.  10.896841
 321.  10.951679
 322.  11.051150
 323.  11.116457
 324.  11.179979
 325.  11.291291
 326.  11.368985
 327.  11.469298
 328.  11.567160
 329.  11.642491
 330.  11.776906
 331.  11.888557
 332.  11.985626
 333.  12.117380
 334.  12.220917
 335.  12.357310
 336.  12.499791
 337. -12.384182
 338. -12.242566
 339. -12.119556
 340. -11.967277
 341. -11.784184
 342. -11.677625
 343. -11.496907
 344. -11.355305
 345. -11.197855
 346. -11.015749
 347. -10.880442
 348. -10.648810
 349. -10.550823
 350. -10.312752
 351. -10.180846
 352.  -9.966626
 353.  -9.777320
 354.  -9.607821
 355.  -9.395487
 356.  -9.218113
 357.  -9.008444
 358.  -8.815460
 359.  -8.607300
